191.789100
122.595600
214.259300
363.909700
936.814900
871.894700
426.452700
116.001700
88.013000
190.855200
159.753500
104.766600
104.653400
77.938200
142.405600
229.286600
727.706200
529.238300
186.044200
63.335400
37.922000
39.110600
113.596200
165.894600
195.892600
89.909100
114.898000
207.156000
527.879900
978.500800
747.572800
300.744100
84.305700
66.165400
278.868200
226.400000
103.323300
78.589100
85.267900
344.269500
430.980700
494.372700
189.949600
67.127600
51.307900
62.146800
42.534900
34.809000
36.082500
30.535700
69.052000
123.840800
356.325300
203.278900
85.550900
45.110200
30.479100
32.488400
162.187300
129.783800
282.066100
106.747600
124.718100
329.468600
532.606000
730.507900
273.406300
84.871700
52.807800
38.488000
46.270500
57.647100
162.017500
204.326000
216.523300
272.472400
447.649400
524.172600
137.113500
49.468400
34.101500
77.915560
99.579210
101.679070
72.801750
91.516540
159.241270
333.628700
495.363200
337.336000
107.107010
59.778090
57.737660
63.290120
71.794270
135.474930
229.883730
95.008760
82.797310
211.033100
328.817700
135.302300
67.277590
34.975970
27.759470
36.286260
61.020460
158.414910
243.210200
123.444600
91.222220
221.589000
798.852400
692.840600
224.334100
73.206440
44.247050
38.179530
361.088190
131.227100
124.321900
115.435700
413.661100
287.612900
517.182500
398.548900
128.773490
52.561590
30.844170
53.552090
73.662070
267.802900
68.426570
55.320840
87.036650
123.818160
733.168100
520.578500
270.774400
71.938600
42.319820
47.034600
137.874770
63.425960
203.844900
79.353200
70.441530
196.082210
550.463300
515.343000
142.215990
58.880980
41.100090
43.287680
121.143810
105.247700
